247857372282014719351674841620139435002173254263753268248948040226022393137
580619534527121
720984168527687
743352200649923
770971293077977
1033122048858661
426884315016854104560105428988739640248135065942366424334497
343776442120998640206162518905228101886184764134429771025351
333431947958598397150877734065560746904471146992446739220219
321487161075070164762313783559342582553934855397975356301081
239911027507190008746501518395491347325482940886677079941917
305462214193295
172647952752594
422303368688588
481312519010614
43433549045980
